temp=[200 500 1000 2000 3000 4000 5000 6000];
spec_heat=[29.1 31.09 34.87 37.74 39.86 41.42 42.67 44.38];