price=[190 160 134 129 172 197 167 239 542 372 245 376 454 410];
atch=[7.23 8.53 9.82 10.26 8.96 12.27 10.28 4.45 1.78 4.00 3.30 4.30 0.8 0.5];